idx,Arrival-to-scan time,Infarction,Stroke severity,Precise onset time,Prior disability level,Stroke team,Use of AF anticoagulants,Onset-to-arrival time,Onset during sleep,Age,Thrombolysis,prob,predicted,k_fold,correct
79658,10.0,1,21.0,1,1,AGNOF1041H,0,10.0,0,87.5,1,0.9761825,1.0,4,True
37705,7.0,1,19.0,1,1,AKCGO9726K,0,39.0,0,47.5,1,0.96003234,1.0,2,True
75222,10.0,1,20.0,1,0,AOBTM3098N,0,57.0,0,67.5,0,0.90247977,1.0,4,False
83458,24.0,1,12.0,1,0,APXEE8191H,0,6.0,0,67.5,1,0.9632259,1.0,4,True
57062,16.0,1,13.0,1,0,ATDID5461S,0,35.0,0,57.5,1,0.9215717,1.0,3,True
34110,10.0,1,21.0,1,0,BBXPQ0212O,0,78.0,0,57.5,1,0.94740576,1.0,1,True
82326,15.0,1,21.0,1,0,BICAW1125K,0,35.0,0,27.5,0,0.93935865,1.0,4,False
64123,10.0,1,10.0,1,0,BQZGT7491V,0,44.0,0,67.5,1,0.98262906,1.0,3,True
58442,26.0,1,19.0,1,0,BXXZS5063A,0,60.0,0,47.5,1,0.93114996,1.0,3,True
83002,4.0,1,9.0,1,0,CNBGF2713O,0,177.0,0,87.5,1,0.9912004,1.0,4,True
14799,9.0,1,22.0,1,0,CQAAX8797Z,0,44.0,0,87.5,1,0.9595645,1.0,0,True
51724,8.0,1,21.0,1,0,CYVHC2532V,0,68.0,0,82.5,1,0.92284036,1.0,2,True
58797,13.0,1,15.0,1,0,DANAH4615Q,0,85.0,0,37.5,1,0.949303,1.0,3,True
44797,7.0,1,19.0,1,0,DLNBB9786K,0,47.0,0,52.5,1,0.98082477,1.0,2,True
87657,17.0,1,18.0,1,0,DNOYM6465G,0,46.0,0,72.5,1,0.95711845,1.0,4,True
14413,23.0,1,23.0,1,0,DQKFO8183I,0,101.0,0,42.5,1,0.94815135,1.0,0,True
50856,2.0,1,17.0,1,0,DZJVD1372Z,0,160.0,0,77.5,1,0.9314973,1.0,2,True
59312,29.0,1,16.0,1,0,EQPWM6065O,0,125.0,0,52.5,1,0.9795563,1.0,3,True
80126,5.0,1,16.0,1,0,EQZZZ5658G,0,58.0,0,52.5,1,0.96254104,1.0,4,True
28752,4.0,1,10.0,1,0,FAJKD7118X,0,80.0,0,62.5,1,0.947603,1.0,1,True
27386,21.0,1,14.0,1,0,FCCJC8768V,0,70.0,0,52.5,1,0.9221633,1.0,1,True
16025,3.0,1,11.0,1,0,FLVXS2956M,0,42.0,0,67.5,1,0.9655046,1.0,0,True
83278,16.0,1,10.0,1,0,FPTBM7594G,0,10.0,0,87.5,1,0.979115,1.0,4,True
17283,27.0,1,13.0,1,0,FWHZZ0143J,0,43.0,0,67.5,1,0.939178,1.0,0,True
86703,2.0,1,10.0,1,0,FYFMU3598G,0,87.0,0,42.5,1,0.9509095,1.0,4,True
13438,28.0,1,13.0,1,0,GKONI0110I,0,55.0,0,82.5,1,0.9879409,1.0,0,True
38685,6.0,1,15.0,1,0,GLRVJ5773V,0,67.0,0,57.5,1,0.96727544,1.0,2,True
40057,7.0,1,19.0,1,0,GRCGI3873D,0,101.0,0,52.5,1,0.9514135,1.0,2,True
44181,7.0,1,19.0,1,0,GWOXR9160G,0,40.0,0,52.5,1,0.98198926,1.0,2,True
57787,17.0,1,18.0,1,0,HBFCN1575G,0,64.0,0,72.5,1,0.99045146,1.0,3,True
7960,10.0,1,16.0,1,0,HGGNH9018F,0,60.0,0,77.5,1,0.93901736,1.0,0,True
79679,10.0,1,14.0,1,0,HONZP0443O,0,32.0,0,62.5,1,0.9272648,1.0,4,True
39296,5.0,1,19.0,1,0,HPWIF9956L,0,80.0,0,72.5,1,0.98974437,1.0,2,True
45618,7.0,1,16.0,1,0,HREGJ0143U,0,40.0,0,77.5,1,0.96040756,1.0,2,True
29664,13.0,1,20.0,1,0,HYCCK3082L,0,47.0,0,77.5,1,0.95797265,1.0,1,True
46718,14.0,1,17.0,1,0,HYNBH3271L,0,58.0,0,82.5,0,0.9732676,1.0,2,False
32167,3.0,1,19.0,1,0,HZMLX7970T,0,88.0,0,72.5,0,0.9457205,1.0,1,False
26171,12.0,1,15.0,1,0,HZNVT9936G,0,70.0,0,57.5,0,0.97871315,1.0,1,False
35815,14.0,1,24.0,1,0,IATJE0497S,0,72.0,0,47.5,1,0.9699181,1.0,2,True
46195,23.0,1,21.0,1,0,IAZKG9244A,0,55.0,0,57.5,1,0.98569226,1.0,2,True
48937,15.0,1,20.0,1,0,IDHVL2894N,0,35.0,0,57.5,1,0.9589874,1.0,2,True
37825,7.0,1,16.0,1,0,ISIZF6614O,0,135.0,0,77.5,1,0.97213066,1.0,2,True
32998,21.0,1,14.0,1,0,ISXKM9668U,0,82.0,0,82.5,1,0.95715535,1.0,1,True
39344,5.0,1,12.0,1,0,ITFRR7678Y,0,72.0,0,52.5,1,0.9764276,1.0,2,True
53306,12.0,1,20.0,1,0,IUMNL9626U,0,53.0,0,82.5,1,0.9679251,1.0,3,True
38334,3.0,1,20.0,1,0,IWINL6248B,0,38.0,0,62.5,0,0.9313611,1.0,2,False
60213,4.0,1,16.0,1,0,IYJHY1440E,0,80.0,0,72.5,1,0.94215554,1.0,3,True
15304,10.0,1,11.0,1,0,JADBS8258F,0,155.0,0,62.5,1,0.94918203,1.0,0,True
17999,1.0,1,16.0,1,0,JHDQL1362V,0,145.0,0,52.5,1,0.966133,1.0,1,True
39609,9.0,1,8.0,1,0,JINXD0311F,0,103.0,0,52.5,1,0.97470134,1.0,2,True
77713,12.0,1,15.0,1,0,JRXDG8181O,0,108.0,0,72.5,1,0.9165056,1.0,4,True
74297,19.0,1,10.0,1,0,JXJYG0100P,0,62.0,0,67.5,1,0.91941386,1.0,4,True
12566,24.0,1,6.0,1,0,KECZG3964M,0,72.0,0,77.5,0,0.9344275,1.0,0,False
85362,7.0,1,13.0,1,0,KZKEZ2257Z,0,34.0,0,62.5,1,0.9825363,1.0,4,True
59471,6.0,1,12.0,1,0,LECHF1024T,0,82.0,0,27.5,0,0.946786,1.0,3,False
1394,32.0,1,13.0,1,0,LFPMM4706C,0,35.0,0,72.5,0,0.88283694,1.0,0,False
1426,15.0,1,7.0,1,0,LFZMO6561M,0,115.0,0,47.5,1,0.9317654,1.0,0,True
53343,7.0,1,18.0,1,3,LGNPK4211W,0,84.0,0,87.5,0,0.93349415,1.0,3,False
48537,9.0,1,25.0,1,0,LLPWF6176Z,0,67.0,0,57.5,1,0.94955564,1.0,2,True
41509,7.0,1,15.0,1,0,LUVFZ2751A,0,51.0,0,72.5,1,0.95485246,1.0,2,True
57814,23.0,1,24.0,1,0,LZAYM7611L,0,50.0,0,87.5,1,0.8817449,1.0,3,True
24266,15.0,1,27.0,1,0,LZGVG8257A,0,83.0,0,77.5,1,0.9576039,1.0,1,True
43162,25.0,1,14.0,1,0,MHMYL4920B,0,55.0,0,42.5,1,0.99228525,1.0,2,True
46990,11.0,1,17.0,1,0,NFBUF0424E,0,1.0,0,62.5,1,0.96319324,1.0,2,True
23034,13.0,1,15.0,1,0,NGKDE7265L,0,100.0,0,67.5,1,0.9669083,1.0,1,True
71586,2.0,1,8.0,1,0,NTPQZ0829K,0,67.0,0,72.5,1,0.9939879,1.0,4,True
10956,7.0,1,13.0,1,0,NZECY6641V,0,96.0,0,62.5,1,0.94665307,1.0,0,True
63071,11.0,1,17.0,1,0,NZNML2841Q,0,86.0,0,57.5,1,0.96630627,1.0,3,True
79688,23.0,1,23.0,1,0,OFKDF3720W,0,97.0,0,17.5,1,0.9637774,1.0,4,True
34562,68.0,1,15.0,1,0,OHGIK1804X,0,116.0,0,52.5,1,0.9457155,1.0,1,True
21580,9.0,1,23.0,1,0,OKVRY7006H,0,36.0,0,67.5,1,0.9240229,1.0,1,True
47280,5.0,1,12.0,1,0,OQYTM8444L,0,57.0,0,47.5,1,0.9368818,1.0,2,True
80591,35.0,1,16.0,1,0,OUXUZ1084Q,0,197.0,0,52.5,1,0.91821396,1.0,4,True
73209,9.0,1,21.0,1,0,OYASQ1316D,0,75.0,0,87.5,1,0.9785984,1.0,4,True
4173,17.0,1,23.0,1,0,PAOUI8935Z,0,79.0,0,77.5,1,0.96246743,1.0,0,True
37173,9.0,1,20.0,1,0,PAYNN3649Z,0,45.0,0,52.5,1,0.9640387,1.0,2,True
12189,16.0,1,17.0,1,0,PDNWI2057P,0,46.0,0,47.5,1,0.97233576,1.0,0,True
6070,16.0,1,10.0,1,0,PSNKC7508G,0,105.0,0,17.5,1,0.948086,1.0,0,True
11949,15.0,1,14.0,1,0,QNARI2373R,0,86.0,0,47.5,1,0.951321,1.0,0,True
81372,24.0,1,7.0,1,0,QOAPO4699N,0,62.0,0,27.5,1,0.9572333,1.0,4,True
21954,27.0,1,16.0,1,0,QOGNY5824N,0,82.0,0,87.5,1,0.92720866,1.0,1,True
14478,10.0,1,19.0,1,0,QQUVD2066Z,0,102.0,0,72.5,1,0.98622453,1.0,0,True
35410,7.0,1,16.0,1,0,QTELJ8888W,0,52.0,0,72.5,0,0.9268138,1.0,1,False
85561,8.0,1,19.0,1,0,QWKRA8499D,0,107.0,0,47.5,1,0.9898307,1.0,4,True
81219,19.0,1,9.0,1,0,QZMCK3259S,0,106.0,0,72.5,1,0.98377466,1.0,4,True
7937,37.0,1,10.0,1,0,RDVPJ0375X,0,45.0,0,62.5,1,0.9078918,1.0,0,True
86604,20.0,1,11.0,1,0,REVJR6326T,0,80.0,0,17.5,1,0.96773595,1.0,4,True
60122,9.0,1,20.0,1,1,RGJWU8840Q,0,50.0,0,77.5,1,0.979418,1.0,3,True
61694,1.0,1,13.0,1,0,ROOIZ9592Y,0,120.0,0,87.5,1,0.9486534,1.0,3,True
4832,18.0,1,10.0,1,0,SBRDX1922J,0,48.0,0,72.5,0,0.9008473,1.0,0,False
45216,8.0,1,14.0,1,0,SBYTE4026H,0,157.0,0,52.5,1,0.95730805,1.0,2,True
73410,1.0,1,21.0,1,0,SJVFI6669M,0,97.0,0,47.5,1,0.96350634,1.0,4,True
82710,7.0,1,19.0,1,0,SMVTP6284P,0,31.0,0,72.5,1,0.9699036,1.0,4,True
45322,14.0,1,10.0,1,0,SQGXB9559U,0,63.0,0,42.5,1,0.94545615,1.0,2,True
59324,4.0,1,12.0,1,0,TBZOA3799I,0,135.0,0,52.5,1,0.93741804,1.0,3,True
20908,7.0,1,8.0,1,0,TFSJP6914B,0,54.0,0,67.5,1,0.92136556,1.0,1,True
17946,19.0,1,18.0,1,0,TKRKH4920C,0,47.0,0,72.5,1,0.9666477,1.0,1,True
58183,8.0,1,21.0,1,0,TMQMS4307W,0,44.0,0,52.5,1,0.93114626,1.0,3,True
19603,28.0,1,18.0,1,0,TPFFP4410O,0,49.0,0,72.5,1,0.97914463,1.0,1,True
740,15.0,1,14.0,1,0,TPXYE0168D,0,170.0,0,42.5,0,0.98997366,1.0,0,False
41053,6.0,1,18.0,1,0,TQQYU0036V,0,101.0,0,82.5,1,0.96158934,1.0,2,True
0,17.0,1,14.0,1,0,TXHRP7672C,0,186.0,0,47.5,1,0.9574695,1.0,0,True
29063,10.0,1,5.0,1,0,TXYJJ1019H,0,150.0,0,72.5,1,0.960045,1.0,1,True
66180,12.0,1,19.0,1,0,UALFR2142B,0,80.0,0,87.5,1,0.97519445,1.0,3,True
43783,8.0,1,17.0,1,0,UIWEN7236N,0,31.0,0,62.5,1,0.9467472,1.0,2,True
72431,10.0,1,10.0,1,0,UJETD9177J,0,97.0,0,17.5,1,0.9800715,1.0,4,True
44681,2.0,1,7.0,1,0,UMYTD3128E,0,168.0,0,47.5,1,0.9666432,1.0,2,True
78413,2.0,1,19.0,1,0,UWCEW6851O,0,45.0,0,77.5,1,0.97732806,1.0,4,True
40956,5.0,1,15.0,1,0,VKHPY9501A,0,60.0,0,67.5,1,0.97525656,1.0,2,True
35421,24.0,1,12.0,1,0,VKKDD9172T,0,125.0,0,67.5,1,0.98977894,1.0,1,True
88190,7.0,1,12.0,1,0,VUHVS8909F,0,82.0,0,77.5,1,0.9349099,1.0,4,True
78432,14.0,1,23.0,1,0,VVDIY0129H,0,45.0,0,52.5,1,0.9153381,1.0,4,True
67897,17.0,1,14.0,1,0,VZOCK3505U,0,46.0,0,82.5,1,0.97997767,1.0,3,True
25874,26.0,1,15.0,1,0,VZZSN1825O,0,39.0,0,72.5,1,0.9322553,1.0,1,True
86878,13.0,1,15.0,1,0,WJHSV5358P,0,149.0,0,47.5,1,0.9426797,1.0,4,True
6035,11.0,1,22.0,1,0,WKDIW7014B,0,90.0,0,87.5,1,0.9379241,1.0,0,True
35,13.0,1,21.0,1,0,WSFVN0229E,0,47.0,0,47.5,1,0.9567155,1.0,0,True
58896,10.0,1,17.0,1,0,WSNTP4114A,0,170.0,0,67.5,1,0.97402054,1.0,3,True
34480,7.0,1,10.0,1,0,WTBXP2683L,0,51.0,0,72.5,1,0.9543712,1.0,1,True
47299,14.0,1,16.0,1,0,XDAFB7350M,0,32.0,0,77.5,1,0.9866779,1.0,2,True
84753,1.0,1,15.0,1,0,XDFKW2704K,0,117.0,0,67.5,1,0.95190644,1.0,4,True
42636,14.0,1,4.0,1,0,XIGJJ1201J,0,29.0,0,67.5,1,0.9729241,1.0,2,True
50676,138.0,1,5.0,1,0,XKAWN3771U,0,1.0,0,42.5,0,0.9855633,1.0,2,False
9070,3.0,1,23.0,1,0,XPABC1435F,0,75.0,0,82.5,1,0.9693392,1.0,0,True
49091,6.0,1,19.0,1,0,XQAGA4299B,0,91.0,0,77.5,1,0.95543396,1.0,2,True
41302,4.0,1,9.0,1,0,XWUBX0795L,0,115.0,0,57.5,1,0.9735353,1.0,2,True
45498,50.0,1,20.0,1,0,YEXCH8391J,0,55.0,0,47.5,1,0.9216162,1.0,2,True
30857,11.0,1,20.0,1,0,YPKYH1768F,0,12.0,0,82.5,1,0.9281951,1.0,1,True
31379,18.0,1,23.0,1,0,YQMZV4284N,0,48.0,0,82.5,1,0.9806625,1.0,1,True
72353,6.0,1,12.0,1,1,ZBVSO0975W,0,72.0,0,77.5,1,0.92666304,1.0,4,True
51542,10.0,1,19.0,1,0,ZHCLE1578P,0,68.0,0,67.5,1,0.92796576,1.0,2,True
39993,16.0,1,18.0,1,0,ZRRCV7012C,0,69.0,0,62.5,1,0.9303294,1.0,2,True
